[gd_scene load_steps=34 format=2]

[ext_resource path="res://models/entities/human/models/armature.gd" type="Script" id=1]
[ext_resource path="res://player/CharacterSkeletonAttachPoint.gd" type="Script" id=2]
[ext_resource path="res://core/model_visuals/test_base_v3.tres" type="ModelVisual" id=5]
[ext_resource path="res://models/entities/human/models/armature.tscn" type="PackedScene" id=6]
[ext_resource path="res://player/CharacterSkeletonGD.gd" type="Script" id=10]

[sub_resource type="AnimationNodeAnimation" id=1]
animation = @"cast-end"

[sub_resource type="AnimationNodeAnimation" id=2]
animation = @"cast-end"

[sub_resource type="AnimationNodeAnimation" id=3]
animation = @"casting-loop"

[sub_resource type="AnimationNodeAnimation" id=4]
animation = @"dead"

[sub_resource type="AnimationNodeAnimation" id=5]
animation = @"idle-loop"

[sub_resource type="AnimationNodeAnimation" id=6]
animation = @"run-left-loop"

[sub_resource type="AnimationNodeAnimation" id=7]
animation = @"run-loop"

[sub_resource type="AnimationNodeAnimation" id=8]
animation = @"run-loop"

[sub_resource type="AnimationNodeAnimation" id=9]
animation = @"run-right-loop"

[sub_resource type="AnimationNodeBlendSpace2D" id=10]
blend_point_0/node = SubResource( 6 )
blend_point_0/pos = Vector2( -1, 0 )
blend_point_1/node = SubResource( 7 )
blend_point_1/pos = Vector2( 0, 1 )
blend_point_2/node = SubResource( 8 )
blend_point_2/pos = Vector2( 0, -1 )
blend_point_3/node = SubResource( 9 )
blend_point_3/pos = Vector2( 1, 0 )
blend_mode = 1

[sub_resource type="AnimationNodeStateMachineTransition" id=11]
xfade_time = 0.09

[sub_resource type="AnimationNodeStateMachineTransition" id=12]
xfade_time = 0.09

[sub_resource type="AnimationNodeStateMachineTransition" id=13]
xfade_time = 0.05

[sub_resource type="AnimationNodeStateMachineTransition" id=14]
auto_advance = true
xfade_time = 0.15

[sub_resource type="AnimationNodeStateMachineTransition" id=15]
auto_advance = true
xfade_time = 0.14

[sub_resource type="AnimationNodeStateMachineTransition" id=16]
xfade_time = 0.09

[sub_resource type="AnimationNodeStateMachineTransition" id=17]
xfade_time = 0.1

[sub_resource type="AnimationNodeStateMachineTransition" id=18]
xfade_time = 0.1

[sub_resource type="AnimationNodeStateMachineTransition" id=19]
xfade_time = 0.09

[sub_resource type="AnimationNodeStateMachineTransition" id=20]
xfade_time = 0.09

[sub_resource type="AnimationNodeStateMachineTransition" id=21]

[sub_resource type="AnimationNodeStateMachineTransition" id=22]
xfade_time = 0.12

[sub_resource type="AnimationNodeStateMachineTransition" id=23]
xfade_time = 0.12

[sub_resource type="AnimationNodeStateMachineTransition" id=24]
xfade_time = 0.12

[sub_resource type="AnimationNodeStateMachineTransition" id=25]
xfade_time = 0.12

[sub_resource type="AnimationNodeStateMachineTransition" id=26]
xfade_time = 0.12

[sub_resource type="AnimationNodeStateMachine" id=27]
states/cast-end/node = SubResource( 2 )
states/cast-end/position = Vector2( 117.871, -197.811 )
"states/cast-end 2/node" = SubResource( 1 )
"states/cast-end 2/position" = Vector2( 317.871, -197.811 )
states/casting-loop/node = SubResource( 3 )
states/casting-loop/position = Vector2( -76.129, -197.811 )
states/dead/node = SubResource( 4 )
states/dead/position = Vector2( -129.129, 73.189 )
states/idle-loop/node = SubResource( 5 )
states/idle-loop/position = Vector2( -255.566, -317.817 )
states/run-loop/node = SubResource( 10 )
states/run-loop/position = Vector2( 31.871, -340.817 )
transitions = [ @"idle-loop", @"casting-loop", SubResource( 11 ), @"casting-loop", @"idle-loop", SubResource( 12 ), @"casting-loop", @"cast-end", SubResource( 13 ), @"cast-end", @"cast-end 2", SubResource( 14 ), @"cast-end 2", @"idle-loop", SubResource( 15 ), @"idle-loop", @"cast-end", SubResource( 16 ), @"idle-loop", @"run-loop", SubResource( 17 ), @"run-loop", @"idle-loop", SubResource( 18 ), @"casting-loop", @"run-loop", SubResource( 19 ), @"run-loop", @"casting-loop", SubResource( 20 ), @"run-loop", @"cast-end", SubResource( 21 ), @"idle-loop", @"dead", SubResource( 22 ), @"casting-loop", @"dead", SubResource( 23 ), @"cast-end 2", @"dead", SubResource( 24 ), @"run-loop", @"dead", SubResource( 25 ), @"dead", @"idle-loop", SubResource( 26 ) ]
start_node = "idle-loop"
graph_offset = Vector2( -482.129, -341.651 )

[sub_resource type="AnimationNodeStateMachinePlayback" id=28]

[node name="character" type="CharacterSkeleton3D"]
entity_type = 1
model_dirty = true
animation_player_path = NodePath("armature/AnimationPlayer")
animation_tree_path = NodePath("AnimationTree")
attach_point_paths/0_left_hand = NodePath("armature/Armature/Skeleton/LeftHandAttachment/LeftHandAP")
attach_point_paths/1_right_hand = NodePath("armature/Armature/Skeleton/RightHandAttachment/RightHandAP")
attach_point_paths/2_torso = NodePath("armature/Armature/Skeleton/NeckAttachment/TorsoAP")
attach_point_paths/3_root = NodePath("armature/Armature/Skeleton/RootAttachment/RootAP")
attach_point_paths/4_right_hip = NodePath("armature/Armature/Skeleton/RightHipAttachment/Spatial")
attach_point_paths/5_left_hip = NodePath("")
attach_point_paths/6_spine_2 = NodePath("")
attach_point_paths/7_weapon_left = NodePath("armature/Armature/Skeleton/LeftWeapon")
attach_point_paths/8_weapon_right = NodePath("armature/Armature/Skeleton/RightWeapon")
attach_point_paths/9_weapon_left_back = NodePath("armature/Armature/Skeleton/LeftWeaponBack")
attach_point_paths/10_weapon_right_back = NodePath("armature/Armature/Skeleton/RightWeaponBack")
attach_point_paths/11_weapon_shield_left = NodePath("armature/Armature/Skeleton/Shield")
script = ExtResource( 10 )
automatic_build = true
mesh_instance_path = NodePath("armature/Armature/Skeleton/MeshInstance")
skeleton_path = NodePath("armature/Armature/Skeleton")
viss = [ ExtResource( 5 ) ]

[node name="armature" parent="." instance=ExtResource( 6 )]
script = ExtResource( 1 )

[node name="Skeleton" parent="armature/Armature" index="0"]
transform = Transform( 1, -6.84064e-18, 1.54087e-25, 6.84064e-18, 1, 1.05378e-42, -1.54087e-25, 0, 1, 0, 0, 0 )
bones/0/bound_children = [ NodePath("RootAttachment") ]
bones/1/bound_children = [ NodePath("RightHipAttachment"), NodePath("LeftHipAttachment") ]
bones/10/bound_children = [ NodePath("RightBackAttachment"), NodePath("LeftBackAttachment") ]
bones/14/bound_children = [ NodePath("RightHandAttachment") ]
bones/21/bound_children = [ NodePath("ShieldAttachment") ]
bones/22/bound_children = [ NodePath("LeftHandAttachment") ]
bones/27/bound_children = [ NodePath("NeckAttachment") ]

[node name="MeshInstance" type="MeshInstance" parent="armature/Armature/Skeleton" index="0"]
visible = false

[node name="LeftHandAttachment" type="BoneAttachment" parent="armature/Armature/Skeleton" index="1"]
transform = Transform( 0.182261, 0.1404, -0.973174, 0.077091, -0.988746, -0.128209, -0.980222, -0.0516554, -0.191033, 0.241994, 0.771808, -0.0161982 )
bone_name = "left_hand"

[node name="LeftHandAP" type="Spatial" parent="armature/Armature/Skeleton/LeftHandAttachment"]
transform = Transform( -0.0646502, 0.683772, 0.726832, -0.148514, -0.726783, 0.670508, 0.986758, -0.0646467, 0.148575, -0.0226043, 0.107657, 0.0283146 )
script = ExtResource( 2 )

[node name="ShieldAttachment" type="BoneAttachment" parent="armature/Armature/Skeleton" index="2"]
transform = Transform( -0.0345918, 0.118865, 0.992308, -0.0620347, -0.991243, 0.116575, 0.997473, -0.057525, 0.0416627, 0.213387, 1.01037, -0.00235363 )
bone_name = "left_forearm"

[node name="LeftHandShield" type="Spatial" parent="armature/Armature/Skeleton/ShieldAttachment"]
transform = Transform( 0.122585, 0.992132, -0.0242311, 0.987746, -0.124342, -0.0941345, -0.0964273, -0.0123912, -0.995239, 0.0157415, 0.108918, 0.0213161 )

[node name="RightHandAttachment" type="BoneAttachment" parent="armature/Armature/Skeleton" index="3"]
transform = Transform( -0.060441, -0.0832974, -0.994691, -0.0706879, -0.993653, 0.0875056, -0.995667, 0.0756014, 0.05417, -0.247614, 0.770397, -0.00584803 )
bone_name = "right_hand"

[node name="RightHandAP" type="Spatial" parent="armature/Armature/Skeleton/RightHandAttachment"]
transform = Transform( 0.0789363, 0.493983, 0.86583, -0.0571054, -0.864836, 0.498656, 0.995268, -0.0888088, -0.0400836, -0.0131918, 0.0790432, -0.0425565 )
script = ExtResource( 2 )

[node name="RootAttachment" type="BoneAttachment" parent="armature/Armature/Skeleton" index="4"]
transform = Transform( 1, 0, 0, 0, 1, 0, 0, 0, 1, -3.23883e-05, 0, 0.000216131 )
bone_name = "root"

[node name="RootAP" type="Spatial" parent="armature/Armature/Skeleton/RootAttachment"]
transform = Transform( 1, 0, 0, 0, -1.62921e-07, 1, 0, -1, -1.62921e-07, 0, 0, 0 )
script = ExtResource( 2 )

[node name="NeckAttachment" type="BoneAttachment" parent="armature/Armature/Skeleton" index="5"]
transform = Transform( 0.999994, -0.00149759, -0.0031291, 0.00170577, 0.997711, 0.0676131, 0.00302063, -0.0676179, 0.997707, 0.000898333, 1.31638, 0.000340735 )
bone_name = "neck"

[node name="TorsoAP" type="Spatial" parent="armature/Armature/Skeleton/NeckAttachment"]
transform = Transform( 1, 0, 0, 0, 1, 0, 0, 0, 1, 0, -0.04, -0.09 )
script = ExtResource( 2 )

[node name="RightHipAttachment" type="BoneAttachment" parent="armature/Armature/Skeleton" index="6"]
transform = Transform( 0.999659, 0.0261315, 1.23948e-08, -0.0261315, 0.999659, 4.71693e-07, -6.44844e-11, -4.71855e-07, 1, 0.00212025, 0.774907, 0 )
bone_name = "pelvis"

[node name="Spatial" type="Spatial" parent="armature/Armature/Skeleton/RightHipAttachment"]
transform = Transform( 0.993372, -0.0110498, 0.114411, 0.0109836, 0.999939, 0.00120905, -0.114417, 5.56017e-05, 0.993433, -0.141825, 0.176866, 0.16621 )

[node name="LeftHipAttachment" type="BoneAttachment" parent="armature/Armature/Skeleton" index="7"]
transform = Transform( 0.999659, 0.0261315, 1.23948e-08, -0.0261315, 0.999659, 4.71693e-07, -6.44844e-11, -4.71855e-07, 1, 0.00212025, 0.774907, 0 )
bone_name = "pelvis"

[node name="Spatial" type="Spatial" parent="armature/Armature/Skeleton/LeftHipAttachment"]
transform = Transform( 0.99343, -0.00240871, -0.114417, 0.00240855, 0.999997, -0.000139626, 0.114417, -0.00013687, 0.993433, 0.144429, 0.18077, 0.165634 )

[node name="RightBackAttachment" type="BoneAttachment" parent="armature/Armature/Skeleton" index="8"]
transform = Transform( 0.999994, -0.0019973, -0.00289152, 0.00197822, 0.999977, -0.00659939, 0.00290458, 0.00659368, 0.999974, 0.00127302, 1.12879, -0.000896224 )
bone_name = "spine_2"

[node name="RightBackAP" type="Spatial" parent="armature/Armature/Skeleton/RightBackAttachment"]
transform = Transform( 0.999997, -0.00244424, -0.000479204, 0.00243884, 0.999966, -3.47705e-05, 0.000479292, 3.44458e-05, 1, 0.000560207, -0.00363708, -0.120332 )

[node name="LeftBackAttachment" type="BoneAttachment" parent="armature/Armature/Skeleton" index="9"]
transform = Transform( 0.999994, -0.0019973, -0.00289152, 0.00197822, 0.999977, -0.00659939, 0.00290458, 0.00659368, 0.999974, 0.00127302, 1.12879, -0.000896224 )
bone_name = "spine_2"

[node name="LeftBackAP" type="Spatial" parent="armature/Armature/Skeleton/LeftBackAttachment"]
transform = Transform( 0.999994, -0.00350821, -0.000687771, 0.00350043, 0.999949, -5.02995e-05, 0.000687948, 4.91154e-05, 1, 0.000822697, -0.00513983, -0.097967 )

[node name="LeftWeapon" type="Spatial" parent="armature/Armature/Skeleton" index="10"]
transform = Transform( 0.993142, 0.0242247, -0.11438, -0.0240499, 0.999706, 0.00290812, 0.114417, -0.000137342, 0.993433, 0.151114, 0.951937, 0.165634 )
script = ExtResource( 2 )
positions = [ NodePath("../LeftHipAttachment/Spatial"), NodePath("../LeftHandAttachment/LeftHandAP") ]

[node name="RightWeapon" type="Spatial" parent="armature/Armature/Skeleton" index="11"]
script = ExtResource( 2 )
positions = [ NodePath("../RightHipAttachment/Spatial"), NodePath("../RightHandAttachment/RightHandAP") ]

[node name="LeftWeaponBack" type="Spatial" parent="armature/Armature/Skeleton" index="12"]
transform = Transform( 1, 0, 0, 0, 0.999886, 0, 0, 0, 1, 0, 0, 0 )
script = ExtResource( 2 )
positions = [ NodePath("../LeftBackAttachment/LeftBackAP"), NodePath("../LeftHandAttachment/LeftHandAP") ]

[node name="Shield" type="Spatial" parent="armature/Armature/Skeleton" index="13"]
transform = Transform( 1, 0, 0, 0, 0.999886, 0, 0, 0, 1, 0, 0, 0 )
script = ExtResource( 2 )
positions = [ NodePath("../LeftBackAttachment/LeftBackAP"), NodePath("../ShieldAttachment/LeftHandShield") ]

[node name="RightWeaponBack" type="Spatial" parent="armature/Armature/Skeleton" index="14"]
transform = Transform( 1, 0, 0, 0, 0.999899, 0, 0, 0, 1, 0, 0, 0 )
script = ExtResource( 2 )
positions = [ NodePath("../RightBackAttachment/RightBackAP"), NodePath("../RightHandAttachment/RightHandAP") ]

[node name="AnimationTree" type="AnimationTree" parent="."]
tree_root = SubResource( 27 )
anim_player = NodePath("../armature/AnimationPlayer")
active = true
parameters/playback = SubResource( 28 )
parameters/run-loop/blend_position = Vector2( 0, -0.0172414 )

[editable path="armature"]
